0.040000	1
0.480000	2
0.820000	3
0.820000	4
1.000000	1
1.180000	2
1.540000	3
1.600000	4
1.800000	1
2.160000	2
2.620000	3
3.080000	4
3.220000	1
3.660000	2
4.120000	3
4.340000	4
4.340000	1
4.600000	2
4.880000	3
5.340000	4
5.740000	1
6.200000	2
6.660000	3
7.020000	4
7.420000	1
7.800000	2
8.240000	3
8.740000	4
9.220000	1
9.680000	2
10.180000	3
10.640000	4
11.120000	1
11.560000	2
12.040000	3
12.480000	4
12.940000	1
13.420000	2
13.880000	3
14.300000	4
14.800000	1
15.260000	2
15.700000	3
16.200000	4
16.720000	1
17.140000	2
17.600000	3
18.040000	4
18.500000	1
18.980000	2
19.440000	3
19.960000	4
20.440000	1
20.900000	2
21.380000	3
21.860000	4
22.300000	1
22.740000	2
23.200000	3
23.740000	4
24.140000	1
24.620000	2
25.100000	3
25.580000	4
26.020000	1
26.180000	2
26.860000	3
27.300000	4
27.840000	1
28.360000	2
28.820000	3
29.340000	4
29.820000	1
30.160000	2
30.560000	3
31.120000	4
31.580000	1
32.060000	2
32.540000	3
33.040000	4
33.520000	1
33.980000	2
34.460000	3
34.880000	4
35.340000	1
35.800000	2
36.280000	3
36.740000	4
37.220000	1
37.680000	2
38.140000	3
38.600000	4
39.080000	1
39.500000	2
39.980000	3
40.440000	4
40.920000	1
41.420000	2
41.880000	3
42.360000	4
42.780000	1
43.240000	2
43.720000	3
44.180000	4
44.640000	1
45.120000	2
45.580000	3
46.060000	4
46.520000	1
47.000000	2
47.480000	3
47.940000	4
48.420000	1
48.900000	2
49.340000	3
49.840000	4
50.300000	1
50.780000	2
51.300000	3
51.760000	4
52.180000	1
52.640000	2
53.140000	3
53.600000	4
53.960000	1
54.500000	2
55.000000	3
55.440000	4
55.860000	1
56.340000	2
57.000000	3
57.440000	4
57.840000	1
58.320000	2
58.780000	3
59.260000	4
59.720000	1
60.200000	2
60.640000	3
61.120000	4
61.580000	1
62.080000	2
62.540000	3
63.020000	4
63.480000	1
63.940000	2
64.420000	3
64.860000	4
65.300000	5
65.760000	6
66.260000	1
66.720000	2
67.260000	3
67.720000	4
68.180000	1
68.660000	2
69.120000	3
69.600000	4
70.020000	1
70.500000	2
70.960000	3
71.440000	4
71.880000	1
72.320000	2
72.800000	3
73.260000	4
73.800000	5
74.260000	6
74.740000	1
75.160000	2
75.620000	3
76.100000	4
76.560000	1
77.040000	2
77.540000	3
77.940000	4
78.400000	1
78.880000	2
79.340000	3
79.800000	4
80.280000	1
80.740000	2
81.260000	3
81.720000	4
82.220000	5
82.680000	6
83.180000	1
83.640000	2
84.080000	3
84.520000	4
84.980000	1
85.400000	2
85.860000	3
86.340000	4
86.800000	1
87.160000	2
87.580000	3
88.080000	4
88.600000	1
89.080000	2
89.580000	3
90.040000	4
90.520000	5
91.020000	6
91.480000	1
91.860000	2
92.320000	3
92.780000	4
93.200000	1
93.660000	2
94.120000	3
94.600000	4
95.100000	1
95.560000	2
95.940000	3
96.420000	4
96.900000	1
97.360000	2
97.860000	3
98.320000	4
98.800000	1
99.260000	2
99.760000	3
100.220000	4
100.680000	1
101.160000	2
101.620000	3
102.080000	4
102.540000	1
103.000000	2
103.420000	3
103.900000	4
104.360000	1
104.840000	2
105.300000	3
105.780000	4
106.240000	1
106.780000	2
107.240000	3
107.720000	4
108.220000	1
108.520000	2
108.980000	3
109.440000	4
109.920000	1
110.380000	2
110.860000	3
111.320000	4
111.760000	1
112.220000	2
112.700000	3
113.220000	4
113.700000	1
114.160000	2
114.580000	3
115.060000	4
115.520000	1
115.980000	2
116.440000	3
116.900000	4
117.220000	1
117.680000	2
118.160000	3
118.600000	4
119.060000	1
119.500000	2
120.060000	3
120.580000	4
120.920000	1
121.220000	2
121.680000	3
122.220000	4
122.720000	1
123.180000	2
123.660000	3
124.100000	4
124.560000	1
125.020000	2
125.440000	3
125.900000	4
126.400000	1
126.860000	2
127.320000	3
127.800000	4
128.300000	5
128.780000	6
129.240000	1
129.720000	2
130.160000	3
130.620000	4
131.100000	1
131.560000	2
132.060000	3
132.520000	4
133.000000	1
133.480000	2
133.960000	3
134.420000	4
134.880000	1
135.360000	2
135.740000	3
136.240000	4
136.720000	5
137.260000	6
137.700000	1
138.040000	2
138.560000	3
139.020000	4
139.540000	1
140.060000	2
140.540000	3
140.960000	4
141.440000	1
141.900000	2
142.360000	3
142.800000	4
143.280000	1
143.740000	2
144.140000	3
144.580000	4
145.040000	5
145.500000	6
145.960000	1
146.520000	2
146.980000	3
147.500000	4
147.960000	1
148.460000	2
148.940000	3
149.400000	4
149.860000	1
150.280000	2
150.760000	3
151.220000	4
151.680000	1
152.160000	2
152.620000	3
153.100000	4
153.560000	5
154.080000	6
154.540000	1
155.020000	2
155.480000	3
155.960000	4
156.420000	1
156.880000	2
157.360000	3
157.820000	4
158.240000	1
158.700000	2
159.180000	3
159.640000	4
160.120000	1
160.540000	2
161.020000	3
161.520000	4
161.980000	1
162.460000	2
162.940000	3
163.420000	4
163.820000	1
164.120000	2
164.520000	3
165.000000	4
165.720000	1
166.200000	2
166.680000	3
167.140000	4
167.540000	1
168.000000	2
168.480000	3
168.720000	4
169.200000	1
169.640000	2
170.340000	3
170.820000	4
171.240000	1
171.700000	2
172.140000	3
172.620000	4
173.080000	1
173.520000	2
173.980000	3
174.520000	4
175.000000	1
175.460000	2
175.960000	3
176.420000	4
176.920000	1
177.820000	2
178.300000	3
178.580000	4
179.060000	1
179.500000	2
179.900000	3
180.060000	4
180.460000	1
180.900000	2
181.280000	3
181.740000	4
182.220000	1
182.680000	2
183.160000	3
183.640000	4
184.120000	1
184.580000	2
185.040000	3
185.520000	4
186.000000	5
186.500000	6
186.960000	1
187.460000	2
187.920000	3
188.380000	4
188.880000	1
189.340000	2
189.800000	3
190.260000	4
190.740000	1
191.220000	2
191.700000	3
192.160000	4
192.640000	1
193.040000	2
193.440000	3
193.920000	4
194.360000	5
194.820000	6
195.340000	1
195.840000	2
196.320000	3
196.780000	4
197.240000	1
197.740000	2
198.260000	3
198.740000	4
199.140000	1
199.580000	2
200.040000	3
200.520000	4
200.980000	1
201.460000	2
201.920000	3
202.420000	4
202.900000	5
203.380000	6
203.800000	1
204.260000	2
204.720000	3
205.240000	4
205.700000	1
206.180000	2
206.660000	3
207.140000	4
207.560000	1
208.020000	2
208.500000	3
208.960000	4
209.460000	1
209.920000	2
210.260000	3
210.700000	4
211.140000	5
211.540000	6
212.020000	1
212.560000	2
213.040000	3
213.540000	4
214.020000	1
214.460000	2
214.940000	3
215.440000	4
215.900000	1
216.340000	2
216.800000	3
217.320000	4
217.780000	1
218.240000	2
218.720000	3
219.220000	4
219.760000	5
220.240000	6
220.660000	1
221.120000	2
221.600000	3
222.080000	4
222.560000	1
223.040000	2
223.500000	3
223.980000	4
224.440000	1
224.920000	2
225.380000	3
225.840000	4
226.260000	1
226.720000	2
227.160000	3
227.540000	4
227.600000	1
227.600000	2
227.860000	3
228.300000	4
228.760000	1
229.140000	2
229.580000	3
230.060000	4
230.500000	1
230.720000	2
231.040000	3
231.360000	4
231.640000	1
232.020000	2
232.240000	3
232.720000	4
233.120000	1
233.540000	2
234.000000	3
234.340000	4
234.800000	1
235.240000	2
235.700000	3
236.160000	4
236.560000	1
