0.260000
0.930000
1.600000
2.270000
2.940000
3.620000
4.280000
4.920000
5.560000
6.200000
6.840000
7.480000
8.120000
8.780000
9.400000
10.050000
10.700000
11.340000
11.980000
12.620000
13.260000
13.900000
14.540000
15.160000
15.800000
16.440000
17.080000
17.720000
18.360000
18.980000
19.580000
20.220000
20.860000
21.520000
22.160000
22.780000
23.440000
24.080000
24.720000
25.360000
26.000000
26.640000
27.280000
27.920000
28.560000
29.200000
29.840000
30.480000
31.120000
31.760000
32.400000
33.040000
33.680000
34.320000
34.980000
35.620000
36.260000
36.900000
37.540000
38.220000
38.800000
39.440000
40.080000
40.720000
41.360000
42.000000
42.630000
43.260000
43.880000
44.540000
45.180000
45.820000
46.480000
47.120000
47.740000
48.400000
49.040000
49.680000
50.320000
50.980000
51.620000
52.260000
52.900000
53.540000
54.200000
54.860000
55.480000
56.140000
56.780000
57.420000
58.060000
58.700000
59.340000
59.980000
60.620000
61.260000
61.900000
62.560000
63.200000
63.840000
64.500000
65.140000
65.780000
66.420000
67.060000
67.700000
68.380000
69.020000
69.660000
70.340000
70.980000
71.620000
72.280000
72.920000
73.560000
74.220000
74.840000
75.500000
76.120000
76.780000
77.420000
78.080000
78.740000
79.380000
80.020000
80.660000
81.320000
81.960000
82.600000
83.240000
83.880000
84.540000
85.180000
85.840000
86.480000
87.140000
87.780000
88.440000
89.080000
89.720000
90.360000
91.020000
91.660000
92.300000
92.960000
93.620000
94.280000
94.900000
95.540000
96.200000
96.840000
97.480000
98.140000
98.780000
99.420000
100.080000
100.720000
101.340000
101.960000
102.620000
103.280000
103.920000
104.560000
105.200000
105.820000
106.440000
107.060000
107.720000
108.360000
109.000000
109.560000
110.180000
110.820000
111.460000
112.060000
112.680000
113.300000
113.930000
114.560000
115.160000
115.800000
116.460000
117.100000
117.700000
118.340000
118.940000
119.560000
120.200000
120.820000
121.480000
122.120000
122.740000
123.400000
124.020000
124.620000
125.280000
125.920000
126.550000
127.170000
127.800000
128.430000
129.070000
129.720000
130.340000
130.960000
131.580000
132.200000
132.840000
133.480000
134.080000
134.700000
135.340000
136.000000
136.620000
137.220000
137.840000
138.500000
139.140000
139.780000
140.400000
141.060000
141.700000
142.340000
142.980000
143.640000
144.280000
144.920000
145.560000
146.220000
146.860000
147.500000
148.120000
148.780000
149.420000
150.040000
150.720000
151.320000
151.940000
152.600000
153.240000
153.880000
154.520000
155.160000
155.800000
156.440000
157.080000
157.720000
158.380000
159.020000
159.660000
160.300000
160.940000
161.600000
162.240000
162.880000
163.500000
164.140000
164.740000
165.400000
166.020000
166.660000
167.320000
167.940000
168.600000
169.240000
169.880000
170.520000
171.160000
171.800000
172.440000
173.080000
173.720000
174.360000
175.000000
175.660000
176.300000
176.940000
