0.340000
0.660000
0.980000
1.300000
1.640000
1.980000
2.320000
2.660000
3.000000
3.340000
3.690000
4.040000
4.400000
4.740000
5.080000
5.420000
5.760000
6.110000
6.450000
6.790000
7.140000
7.480000
7.820000
8.170000
8.540000
8.900000
9.260000
9.600000
9.940000
10.280000
10.620000
10.960000
11.300000
11.660000
12.020000
12.360000
12.700000
13.040000
13.380000
13.720000
14.060000
14.400000
14.740000
15.090000
15.440000
15.790000
16.140000
16.500000
16.860000
17.190000
17.520000
17.890000
18.260000
18.610000
18.960000
19.300000
19.640000
19.990000
20.340000
20.680000
21.020000
21.370000
21.720000
22.010000
22.400000
22.750000
23.100000
23.460000
23.820000
24.170000
24.520000
24.860000
25.200000
25.550000
25.900000
26.250000
26.600000
26.950000
27.300000
27.640000
27.980000
28.320000
28.660000
29.010000
29.360000
29.720000
30.070000
30.430000
30.780000
31.140000
31.480000
31.860000
21.210000
21.601379
21.992759
22.384138
22.775517
23.166897
23.558276
23.949655
24.341034
24.732414
25.123793
25.515172
25.906552
26.297931
26.689310
27.080690
27.472069
27.863448
28.254828
28.646207
29.037586
29.428966
29.820345
30.211724
30.603103
30.994483
31.385862
31.777241
32.168621
32.560000
32.900000
33.240000
33.580000
33.940000
34.280000
34.640000
35.000000
34.360000
34.700000
35.040000
35.380000
35.720000
36.060000
36.400000
36.740000
37.100000
37.440000
37.780000
38.140000
38.500000
38.860000
39.220000
39.580000
39.940000
40.280000
40.600000
40.940000
41.280000
41.640000
41.980000
42.320000
42.660000
43.020000
43.380000
43.760000
44.100000
44.460000
44.820000
45.160000
45.500000
45.840000
46.180000
46.520000
46.880000
47.200000
47.560000
47.940000
48.280000
48.640000
48.980000
49.340000
49.680000
50.020000
50.350000
50.680000
51.000000
51.350000
51.700000
52.050000
52.400000
52.740000
53.080000
53.420000
53.760000
54.100000
54.440000
54.800000
55.160000
55.510000
55.860000
56.200000
56.540000
56.880000
57.220000
57.560000
57.900000
58.240000
58.580000
58.920000
59.260000
59.580000
59.900000
60.220000
60.560000
60.940000
61.300000
61.630000
61.960000
62.280000
62.640000
62.970000
63.300000
63.633333
63.966667
64.300000
64.620000
64.980000
65.340000
65.670000
66.000000
66.330000
66.660000
66.980000
67.300000
67.640000
67.980000
68.326667
68.673333
69.020000
69.360000
69.710000
70.060000
70.400000
70.740000
71.100000
71.460000
71.800000
72.140000
72.480000
72.820000
73.180000
73.540000
73.880000
74.220000
74.580000
74.920000
75.260000
75.600000
75.920000
76.240000
76.580000
76.920000
77.300000
77.640000
77.980000
78.320000
78.640000
79.000000
79.340000
79.680000
80.020000
80.360000
80.693333
81.026667
81.360000
81.700000
82.020000
82.340000
82.660000
83.000000
83.340000
83.680000
84.010000
84.340000
84.673333
85.006667
85.340000
85.700000
86.040000
86.380000
86.720000
87.080000
87.430000
87.780000
88.120000
88.460000
88.800000
89.140000
89.500000
89.840000
90.200000
90.560000
90.900000
91.240000
91.580000
91.920000
92.240000
92.560000
92.890000
93.220000
93.560000
93.920000
94.260000
94.600000
94.920000
95.280000
95.640000
95.960000
96.300000
96.640000
96.980000
97.320000
97.660000
98.000000
98.320000
98.640000
99.000000
99.320000
99.660000
100.000000
100.340000
100.660000
101.000000
101.360000
101.720000
102.040000
102.380000
102.720000
103.060000
103.400000
103.740000
104.080000
104.420000
104.760000
105.120000
105.460000
105.800000
106.140000
106.480000
106.820000
107.150000
107.480000
107.820000
108.160000
108.520000
108.860000
109.200000
109.540000
109.900000
110.220000
110.560000
110.900000
111.240000
111.600000
111.960000
112.260000
112.620000
112.960000
113.300000
113.620000
113.980000
114.320000
114.650000
114.980000
115.300000
115.620000
115.940000
116.300000
116.660000
117.000000
117.340000
117.680000
118.020000
118.360000
118.720000
119.080000
119.420000
119.760000
120.100000
120.440000
120.780000
121.120000
121.460000
121.800000
122.160000
122.500000
122.830000
123.160000
123.480000
123.800000
124.160000
124.520000
124.860000
125.200000
125.540000
125.880000
126.220000
126.560000
126.900000
127.240000
127.580000
127.940000
128.270000
128.600000
128.960000
129.300000
129.635000
129.970000
130.305000
130.640000
130.975000
131.310000
131.645000
131.980000
132.300000
132.620000
132.960000
133.300000
133.640000
133.980000
134.320000
134.640000
135.000000
135.340000
135.680000
136.020000
136.360000
136.700000
137.040000
137.380000
137.720000
138.060000
138.400000
138.740000
139.100000
139.440000
139.780000
140.120000
140.480000
140.800000
141.140000
141.480000
141.820000
142.160000
142.500000
142.820000
143.140000
143.460000
143.800000
144.140000
144.480000
144.840000
145.180000
145.520000
145.860000
146.180000
146.540000
146.880000
147.210000
147.540000
147.870000
148.200000
148.540000
148.880000
149.240000
149.560000
149.880000
150.200000
150.540000
150.860000
151.220000
151.560000
151.900000
152.220000
152.540000
152.900000
153.240000
153.580000
153.930000
154.280000
154.620000
154.960000
155.300000
155.660000
156.000000
156.340000
156.680000
157.020000
157.380000
157.700000
158.040000
158.380000
158.720000
159.046667
159.373333
159.700000
160.060000
160.400000
160.730000
161.060000
161.420000
161.760000
162.080000
162.400000
162.740000
163.080000
163.420000
163.760000
164.090000
164.420000
164.740000
165.060000
165.420000
165.740000
166.060000
166.380000
166.700000
167.040000
167.360000
167.700000
168.040000
168.360000
168.680000
169.000000
169.380000
169.700000
170.060000
170.400000
170.740000
171.080000
171.420000
171.765000
172.110000
172.455000
172.800000
173.140000
173.470000
173.800000
174.130000
174.460000
174.780000
175.100000
175.440000
175.780000
176.120000
176.450000
176.780000
177.120000
177.470000
177.820000
178.150000
178.480000
178.815000
179.150000
179.485000
179.820000
180.140000
180.460000
180.780000
181.100000
181.480000
181.800000
182.120000
182.460000
182.780000
183.120000
183.460000
183.780000
184.080000
184.420000
184.760000
185.120000
185.450000
185.780000
186.120000
186.440000
186.760000
187.100000
187.460000
187.800000
188.153333
188.506667
188.860000
189.180000
189.520000
189.860000
190.200000
190.540000
190.860000
191.180000
191.520000
191.860000
192.200000
192.540000
192.860000
193.180000
193.520000
193.860000
194.180000
194.500000
194.820000
195.140000
195.500000
195.840000
196.180000
196.510000
196.840000
197.180000
197.520000
197.860000
198.200000
198.530000
198.860000
199.180000
199.520000
199.880000
200.220000
200.550000
200.880000
201.200000
201.545000
201.890000
202.235000
202.580000
202.910000
203.240000
203.580000
203.920000
204.255000
204.590000
204.925000
205.260000
205.620000
205.960000
206.290000
206.620000
206.940000
207.260000
207.600000
207.920000
208.280000
208.620000
208.940000
209.280000
209.640000
209.980000
210.300000
210.620000
210.940000
211.280000
211.640000
211.960000
212.280000
212.620000
212.940000
213.260000
213.600000
213.920000
214.240000
214.600000
214.920000
215.240000
215.560000
215.880000
216.200000
216.520000
216.840000
217.200000
217.580000
217.900000
218.260000
218.600000
218.960000
219.300000
219.640000
219.973333
220.306667
220.640000
221.000000
221.340000
221.680000
222.020000
222.360000
222.700000
223.040000
223.380000
223.700000
224.020000
224.360000
224.680000
225.020000
225.400000
225.720000
226.050000
226.380000
226.720000
227.060000
227.380000
227.720000
228.080000
228.413333
228.746667
229.080000
229.420000
229.753333
230.086667
230.420000
230.740000
231.060000
231.400000
231.720000
232.080000
232.420000
232.740000
233.100000
233.440000
233.800000
234.140000
234.480000
234.820000
235.160000
235.500000
235.840000
236.180000
236.520000
236.880000
237.220000
237.560000
237.940000
238.280000
238.620000
238.960000
239.300000
239.640000
239.960000
240.280000
240.620000
240.960000
241.300000
241.660000
242.000000
242.340000
242.680000
243.020000
243.360000
243.700000
244.040000
244.380000
244.720000
245.052000
245.384000
245.716000
246.048000
246.380000
246.706667
247.033333
247.360000
247.700000
248.020000
248.380000
248.700000
249.020000
249.380000
249.680000
250.060000
250.400000
250.760000
251.073333
251.386667
251.700000
252.020000
252.340000
252.680000
253.020000
253.350000
253.680000
254.000000
254.320000
254.680000
255.000000
255.320000
255.660000
255.980000
256.320000
256.660000
257.000000
257.340000
257.640000
258.000000
258.340000
258.660000
258.980000
259.320000
259.640000
260.000000
260.320000
260.640000
260.960000
261.300000
261.620000
261.960000
262.300000
262.630000
262.960000
263.300000
263.620000
263.940000
264.260000
264.600000
264.920000
265.240000
265.580000
265.920000
266.260000
266.590000
266.920000
267.240000
267.560000
267.880000
268.200000
268.526667
268.853333
269.180000
269.500000
269.840000
270.180000
270.500000
270.820000
271.140000
271.460000
271.780000
272.100000
272.440000
272.760000
273.100000
273.440000
273.770000
274.100000
274.420000
274.760000
275.080000
275.420000
275.760000
276.080000
276.420000
276.740000
277.060000
277.400000
277.740000
278.080000
278.440000
278.780000
279.120000
279.460000
279.800000
280.140000
280.480000
280.820000
281.160000
