0.060000
0.540000
1.020000
1.500000
1.960000
2.420000
2.900000
3.360000
3.860000
4.320000
4.800000
5.260000
5.720000
6.180000
6.660000
7.140000
7.600000
8.080000
8.540000
9.000000
9.460000
9.960000
10.420000
10.880000
11.340000
11.800000
12.280000
12.760000
13.200000
13.680000
14.140000
14.600000
15.100000
15.580000
16.060000
16.520000
16.980000
17.440000
17.920000
18.380000
18.840000
19.320000
19.780000
20.260000
20.720000
21.200000
21.660000
22.120000
22.580000
23.060000
23.520000
24.000000
24.460000
24.930000
25.400000
25.880000
26.340000
26.820000
27.280000
27.740000
28.200000
28.680000
29.160000
29.640000
30.120000
30.580000
31.040000
31.500000
31.960000
32.440000
32.920000
33.400000
33.860000
34.320000
34.780000
35.240000
35.720000
36.200000
36.660000
37.140000
37.580000
38.060000
38.540000
39.020000
39.480000
39.940000
40.420000
40.880000
41.360000
41.820000
42.280000
42.740000
43.220000
43.700000
44.180000
44.640000
45.100000
45.580000
46.040000
46.500000
46.980000
47.440000
47.920000
48.380000
48.840000
49.320000
49.780000
50.260000
50.720000
51.180000
51.680000
52.140000
52.600000
53.080000
53.540000
54.000000
54.480000
54.940000
55.420000
55.890000
56.360000
56.820000
57.280000
57.740000
58.220000
58.690000
59.160000
59.620000
60.080000
60.560000
61.020000
61.500000
61.980000
62.440000
62.900000
63.380000
63.820000
64.300000
64.800000
65.260000
65.720000
66.200000
66.680000
67.120000
67.580000
68.060000
68.540000
69.020000
69.480000
69.940000
70.400000
70.880000
71.360000
71.820000
72.280000
72.760000
73.220000
73.680000
74.160000
74.640000
75.100000
75.580000
76.040000
76.500000
76.960000
77.420000
77.920000
78.380000
78.840000
79.320000
79.780000
80.260000
80.720000
81.180000
81.660000
82.120000
82.600000
83.060000
83.540000
84.000000
84.460000
84.940000
85.410000
85.880000
86.340000
86.820000
87.300000
87.760000
88.220000
88.680000
89.140000
89.600000
90.060000
90.540000
91.040000
91.520000
91.980000
92.460000
92.920000
93.380000
93.840000
94.300000
94.780000
95.260000
95.740000
96.200000
96.660000
97.140000
97.600000
98.060000
98.540000
99.020000
99.480000
99.940000
100.400000
100.860000
101.320000
101.800000
102.260000
102.720000
103.200000
103.700000
104.170000
104.640000
105.100000
105.560000
106.040000
106.500000
106.980000
107.440000
107.920000
108.380000
108.840000
109.320000
109.800000
110.240000
110.720000
111.180000
111.640000
112.120000
112.580000
113.060000
113.540000
114.000000
114.460000
114.940000
115.400000
115.900000
116.360000
116.820000
117.280000
117.760000
118.220000
118.680000
119.160000
119.640000
120.100000
120.580000
121.060000
121.520000
121.980000
122.440000
122.900000
123.380000
123.840000
124.320000
124.780000
125.260000
125.720000
126.180000
126.660000
127.120000
127.580000
128.060000
128.540000
129.020000
129.480000
129.960000
130.420000
130.900000
131.360000
131.820000
132.280000
132.760000
133.220000
133.700000
134.160000
134.620000
135.100000
135.560000
136.020000
136.500000
136.980000
137.440000
137.920000
138.380000
138.860000
139.320000
139.780000
140.240000
140.680000
141.160000
141.660000
142.160000
142.610000
143.060000
143.500000
144.000000
144.480000
144.940000
145.400000
145.880000
146.380000
146.840000
147.300000
147.760000
148.240000
148.680000
149.140000
149.600000
150.060000
150.540000
151.040000
151.520000
151.980000
152.450000
152.920000
153.390000
153.860000
154.340000
154.800000
155.260000
155.720000
156.200000
156.660000
157.120000
157.580000
158.060000
158.540000
159.020000
159.480000
159.940000
160.400000
160.880000
161.360000
161.820000
162.300000
162.760000
163.240000
163.700000
164.160000
164.620000
165.100000
165.560000
166.020000
166.480000
166.940000
167.460000
167.920000
168.400000
168.860000
169.320000
169.780000
170.240000
170.700000
171.180000
171.660000
172.120000
172.600000
173.060000
173.560000
174.020000
174.460000
174.940000
175.420000
175.880000
176.340000
176.800000
177.260000
177.760000
178.220000
178.700000
179.170000
179.640000
180.100000
180.560000
181.020000
181.500000
181.960000
182.420000
182.920000
183.380000
183.860000
184.320000
184.780000
185.240000
185.740000
186.220000
186.680000
187.140000
187.600000
188.060000
188.540000
189.000000
189.460000
189.940000
190.400000
190.880000
191.360000
191.840000
192.300000
192.760000
193.220000
193.680000
194.140000
194.640000
195.100000
195.580000
196.080000
196.560000
197.020000
