0.740000
1.480000
1.800000
2.160000
2.460000
2.780000
3.140000
3.460000
3.800000
4.100000
4.420000
4.740000
5.100000
5.400000
5.720000
6.060000
6.400000
6.720000
7.100000
7.440000
7.760000
8.080000
8.460000
9.180000
9.840000
10.220000
10.980000
11.260000
11.620000
13.920000
14.560000
15.200000
15.840000
16.200000
17.020000
17.640000
18.020000
18.360000
18.660000
19.260000
20.120000
20.260000
21.420000
21.560000
22.640000
23.300000
23.960000
24.280000
24.640000
24.800000
25.300000
25.940000
27.680000
28.000000
28.320000
28.700000
28.980000
30.120000
30.580000
31.920000
32.380000
32.920000
33.280000
33.660000
34.020000
34.320000
34.980000
35.580000
35.920000
36.240000
37.180000
37.480000
37.840000
38.160000
38.480000
38.800000
39.120000
39.460000
39.780000
40.880000
41.260000
41.600000
42.940000
43.460000
44.040000
44.340000
44.960000
45.640000
46.880000
47.240000
47.560000
47.880000
48.260000
48.580000
48.940000
49.900000
50.240000
50.560000
51.240000
51.940000
52.640000
53.320000
54.040000
54.700000
55.440000
56.780000
57.420000
58.140000
58.840000
59.560000
60.920000
61.560000
62.240000
62.920000
63.620000
64.280000
64.920000
65.260000
65.560000
65.920000
66.240000
66.600000
66.940000
67.280000
67.940000
68.260000
68.580000
68.920000
69.260000
69.600000
69.940000
70.260000
70.580000
70.900000
71.220000
71.560000
71.900000
72.220000
72.540000
72.860000
73.200000
73.520000
73.880000
74.200000
74.540000
74.860000
75.200000
75.520000
75.860000
76.160000
76.500000
76.860000
77.180000
77.500000
77.820000
78.160000
78.480000
78.800000
79.140000
79.820000
80.140000
81.100000
81.420000
81.740000
82.060000
82.380000
82.700000
83.040000
83.360000
84.020000
84.720000
85.380000
86.040000
86.700000
87.360000
88.020000
88.680000
89.340000
90.020000
90.680000
91.340000
92.000000
92.680000
93.340000
94.000000
94.640000
95.320000
96.000000
96.660000
97.340000
98.000000
98.680000
99.960000
100.620000
101.260000
101.900000
102.560000
103.220000
103.860000
104.520000
105.200000
105.880000
106.520000
107.220000
107.900000
108.560000
109.220000
109.880000
110.580000
111.220000
111.900000
112.560000
113.240000
113.880000
114.540000
115.200000
115.880000
116.560000
117.200000
117.840000
118.480000
119.120000
119.760000
120.420000
121.100000
121.780000
122.440000
123.140000
123.800000
124.440000
125.080000
125.760000
126.420000
127.040000
127.660000
128.300000
128.960000
130.160000
130.820000
131.520000
132.160000
132.800000
133.480000
134.120000
134.740000
135.400000
136.120000
136.820000
137.480000
138.120000
138.780000
139.420000
140.060000
140.720000
141.380000
142.040000
142.700000
143.360000
144.020000
144.660000
145.300000
145.960000
146.600000
147.260000
147.900000
148.580000
149.260000
149.920000
150.580000
150.900000
151.220000
151.560000
151.920000
153.220000
153.560000
153.900000
154.220000
154.580000
154.920000
155.260000
155.900000
156.220000
156.540000
156.860000
157.200000
157.880000
158.200000
158.520000
158.840000
159.180000
159.500000
159.820000
160.140000
160.460000
160.780000
161.120000
161.420000
161.740000
162.060000
162.400000
162.740000
163.060000
163.400000
163.720000
164.040000
164.360000
164.720000
165.360000
165.660000
165.980000
166.320000
166.640000
166.960000
167.300000
167.620000
168.280000
168.620000
169.040000
169.560000
170.240000
171.540000
171.880000
172.120000
172.300000
172.480000
172.960000
173.500000
173.820000
174.140000
174.520000
175.140000
175.480000
175.680000
176.060000
176.500000
177.460000
177.800000
178.140000
178.480000
181.200000
181.840000
182.180000
182.540000
182.880000
183.200000
183.540000
184.160000
184.480000
184.820000
185.180000
185.520000
185.860000
186.500000
186.820000
187.140000
187.480000
187.800000
188.160000
188.500000
188.840000
189.480000
189.820000
190.140000
190.500000
190.800000
191.460000
192.120000
192.780000
193.440000
194.120000
194.800000
195.440000
196.120000
196.760000
197.480000
198.760000
199.400000
200.060000
200.720000
201.380000
202.040000
202.680000
203.320000
203.940000
204.600000
205.260000
205.920000
206.600000
207.280000
207.940000
208.580000
209.240000
209.880000
210.560000
211.200000
211.800000
212.460000
213.100000
213.720000
214.320000
214.980000
215.640000
216.260000
216.920000
217.560000
218.200000
218.840000
219.460000
220.200000
220.900000
221.600000
222.280000
222.700000
223.020000
223.740000
224.420000
224.800000
225.100000
225.820000
226.540000
227.900000
230.640000
231.380000
232.080000
233.440000
234.820000
236.180000
236.860000
237.540000
238.220000
238.920000
239.600000
240.260000
240.940000
241.620000
242.320000
242.740000
243.080000
244.460000
245.120000
245.440000
245.820000
246.500000
247.180000
247.520000
247.860000
248.200000
248.540000
249.900000
250.900000
251.260000
252.720000
253.080000
253.440000
253.780000
254.140000
254.480000
254.820000
255.160000
255.500000
256.180000
256.520000
256.860000
257.200000
257.540000
257.900000
259.240000
259.940000
260.280000
261.600000
261.940000
262.280000
262.600000
262.940000
263.320000
263.640000
264.000000
264.340000
264.680000
265.020000
265.380000
265.720000
266.100000
266.400000
267.460000
267.800000
268.140000
268.480000
268.820000
269.180000
269.860000
270.200000
270.540000
270.880000
271.220000
271.560000
271.900000
272.240000
272.580000
273.240000
273.580000
273.920000
274.600000
275.300000
275.640000
276.640000
277.320000
277.660000
277.980000
278.340000
278.660000
279.000000
279.380000
279.720000
280.060000
280.400000
280.760000
281.100000
281.440000
281.780000
282.120000
282.460000
282.800000
283.140000
283.480000
283.820000
284.160000
284.520000
284.880000
285.560000
285.920000
286.240000
286.940000
287.620000
288.320000
288.660000
290.340000
291.000000
291.320000
291.660000
292.000000
292.320000
292.680000
293.000000
293.380000
293.720000
294.060000
294.400000
294.740000
295.060000
295.420000
295.760000
296.100000
296.460000
296.780000
297.800000
298.140000
298.480000
298.840000
299.180000
299.840000
300.480000
300.820000
301.140000
301.460000
301.780000
302.160000
302.480000
302.660000
302.980000
303.260000
303.920000
304.140000
304.980000
305.320000
305.680000
305.980000
306.360000
306.680000
307.040000
307.340000
308.060000
308.400000
308.740000
309.400000
309.720000
310.060000
310.380000
310.720000
311.040000
311.360000
311.680000
312.020000
312.360000
312.720000
313.360000
313.680000
314.000000
314.660000
314.980000
315.340000
315.660000
315.980000
316.300000
316.620000
316.940000
317.280000
317.600000
317.920000
318.240000
318.600000
318.940000
319.260000
319.580000
319.900000
320.280000
320.680000
321.580000
321.900000
322.220000
322.560000
323.220000
323.540000
323.860000
324.200000
324.540000
324.880000
325.560000
326.200000
326.540000
326.880000
327.220000
327.860000
328.180000
328.560000
328.880000
329.600000
330.320000
331.060000
331.780000
332.480000
333.880000
334.580000
335.260000
335.980000
336.660000
337.400000
338.060000
338.760000
339.440000
340.120000
340.800000
341.500000
342.180000
342.860000
343.560000
344.240000
344.920000
345.600000
346.280000
346.960000
347.640000
349.580000
350.260000
350.940000
351.620000
352.280000
352.920000
353.560000
354.220000
354.880000
355.500000
356.160000
356.820000
357.500000
358.160000
358.840000
359.520000
360.160000
360.840000
361.520000
362.160000
362.800000
363.440000
364.060000
364.720000
365.340000
365.940000
366.600000
367.280000
367.920000
368.580000
369.240000
369.880000
370.500000
371.140000
371.860000
372.520000
373.140000
373.760000
374.400000
375.060000
375.700000
376.320000
377.000000
377.640000
378.280000
378.940000
379.620000
380.300000
380.940000
381.600000
382.260000
382.940000
384.180000
384.820000
385.480000
386.100000
386.700000
387.360000
388.040000
388.660000
389.340000
390.000000
390.640000
391.900000
392.600000
393.240000
393.580000
393.900000
394.240000
394.540000
394.860000
395.180000
395.520000
395.820000
396.160000
396.460000
396.780000
397.100000
397.460000
397.780000
398.420000
399.060000
399.380000
399.700000
400.340000
400.660000
400.980000
401.320000
401.640000
401.960000
402.600000
403.240000
403.880000
404.560000
404.840000
405.160000
405.480000
405.800000
406.120000
406.440000
406.760000
407.080000
407.420000
407.820000
408.140000
408.520000
408.840000
