1.920000
2.560000
5.060000
5.680000
6.300000
6.920000
7.560000
8.200000
8.820000
9.440000
10.080000
10.720000
11.360000
11.980000
12.640000
13.260000
13.880000
14.480000
15.120000
15.740000
16.380000
16.980000
17.640000
18.300000
18.920000
19.540000
20.180000
20.820000
21.460000
22.080000
22.700000
23.340000
23.940000
24.560000
25.200000
25.860000
26.480000
27.100000
27.740000
28.380000
29.020000
29.620000
30.280000
30.900000
31.520000
32.140000
32.800000
33.420000
34.020000
34.620000
35.280000
35.900000
36.560000
37.160000
37.780000
38.400000
39.040000
39.660000
40.300000
40.920000
41.560000
42.180000
42.820000
43.460000
44.100000
44.720000
45.340000
46.000000
46.600000
47.260000
47.900000
48.520000
49.140000
49.780000
50.420000
51.040000
51.660000
52.280000
52.900000
53.520000
54.160000
54.800000
55.460000
56.100000
56.740000
57.340000
57.960000
58.580000
59.220000
59.840000
60.460000
61.100000
61.740000
62.360000
63.000000
63.640000
64.280000
64.880000
66.160000
66.780000
67.400000
68.020000
68.660000
69.300000
69.920000
70.540000
71.160000
71.800000
72.460000
73.100000
73.720000
74.360000
74.980000
75.600000
76.220000
76.860000
77.480000
78.120000
78.720000
79.340000
79.980000
80.620000
81.240000
81.880000
82.500000
83.140000
83.800000
84.440000
85.080000
86.280000
86.940000
87.560000
88.180000
88.800000
89.420000
90.060000
90.680000
91.320000
91.960000
92.620000
93.240000
93.860000
94.480000
95.120000
95.740000
96.380000
97.020000
97.640000
98.260000
98.900000
99.520000
100.160000
100.780000
101.440000
102.060000
102.700000
103.340000
103.960000
104.560000
105.200000
105.860000
106.480000
107.080000
107.740000
108.360000
109.000000
109.620000
110.220000
111.320000
111.860000
112.180000
113.100000
113.400000
113.740000
114.660000
115.260000
115.920000
116.560000
117.800000
118.420000
119.080000
120.340000
120.920000
121.580000
122.200000
122.820000
123.460000
124.100000
124.720000
125.360000
125.980000
126.620000
127.240000
127.860000
128.480000
129.120000
129.740000
130.380000
131.020000
131.640000
132.300000
132.900000
133.540000
134.180000
134.800000
135.400000
136.040000
136.680000
137.300000
137.940000
138.600000
139.220000
139.840000
140.480000
141.100000
141.740000
142.340000
142.960000
143.580000
144.240000
144.880000
145.520000
146.120000
146.780000
147.400000
148.040000
148.680000
149.300000
149.920000
150.540000
151.160000
151.800000
152.420000
153.060000
153.700000
154.320000
154.960000
155.600000
156.200000
156.860000
157.460000
158.100000
158.720000
159.340000
159.980000
160.600000
161.240000
161.880000
162.500000
163.140000
163.760000
164.400000
165.020000
165.640000
166.280000
166.920000
167.540000
168.160000
168.840000
169.460000
170.560000
171.080000
172.600000
173.040000
175.940000
177.400000
177.640000
178.060000
178.560000
179.640000
179.800000
179.920000
