1.220000
1.440000
2.120000
3.220000
4.160000
5.060000
5.520000
5.960000
6.420000
6.880000
7.800000
8.280000
8.740000
9.200000
10.140000
10.580000
11.060000
11.540000
12.000000
12.460000
12.920000
13.380000
13.860000
14.320000
14.800000
15.280000
15.740000
16.200000
16.660000
17.140000
17.600000
18.060000
18.520000
19.000000
19.500000
19.960000
20.420000
20.900000
21.340000
21.820000
22.300000
22.780000
23.240000
23.700000
24.180000
24.660000
25.120000
25.600000
26.060000
26.520000
26.980000
27.440000
27.900000
28.380000
28.860000
29.320000
29.800000
30.260000
30.720000
31.640000
33.040000
33.500000
33.960000
34.420000
34.880000
35.340000
35.800000
36.260000
36.720000
37.180000
37.660000
38.120000
38.580000
39.040000
39.520000
40.420000
40.900000
41.820000
42.320000
42.780000
43.260000
44.240000
44.620000
45.900000
46.320000
48.060000
48.320000
49.240000
49.840000
50.100000
50.300000
51.840000
52.220000
52.600000
53.640000
53.780000
53.980000
54.420000
55.560000
55.840000
55.980000
57.460000
57.580000
57.700000
57.820000
59.360000
59.480000
59.660000
60.660000
61.140000
62.540000
63.460000
63.940000
64.400000
64.860000
65.320000
65.800000
66.260000
66.720000
67.180000
67.640000
68.100000
68.580000
69.040000
69.540000
70.020000
70.960000
71.420000
71.880000
72.340000
72.800000
73.260000
73.740000
74.240000
74.700000
75.160000
75.620000
76.080000
76.540000
77.000000
77.480000
77.960000
78.420000
78.880000
79.340000
79.820000
80.260000
80.740000
81.200000
81.660000
82.140000
82.600000
83.080000
83.540000
84.000000
84.460000
84.920000
85.400000
85.860000
86.300000
86.780000
87.240000
87.720000
88.180000
88.640000
89.100000
89.580000
90.040000
90.520000
90.980000
91.440000
91.900000
92.360000
92.840000
93.280000
93.740000
94.220000
94.680000
95.140000
95.600000
96.040000
96.520000
96.980000
97.420000
97.900000
98.360000
98.820000
99.280000
99.760000
100.240000
100.700000
101.160000
101.620000
102.080000
102.540000
103.000000
103.480000
103.960000
104.420000
104.860000
105.340000
105.800000
106.260000
106.720000
107.200000
107.640000
108.080000
108.520000
109.020000
109.480000
109.940000
110.400000
110.840000
111.340000
111.800000
112.260000
112.720000
113.180000
113.640000
114.100000
114.580000
115.020000
115.460000
115.940000
116.400000
116.860000
117.300000
117.720000
118.180000
118.620000
119.060000
119.520000
120.020000
120.460000
120.920000
121.380000
121.820000
122.280000
122.740000
123.200000
123.680000
124.140000
124.600000
125.060000
125.520000
126.420000
126.860000
127.360000
127.820000
128.280000
128.760000
129.240000
129.720000
130.180000
130.640000
131.120000
131.600000
132.060000
132.520000
133.000000
133.460000
133.920000
134.380000
134.840000
135.320000
135.800000
136.280000
136.740000
137.200000
137.660000
138.140000
138.600000
139.060000
139.520000
139.980000
140.460000
140.940000
141.420000
141.880000
142.340000
142.820000
143.280000
143.740000
144.220000
144.700000
145.160000
145.640000
146.080000
146.560000
147.020000
147.500000
147.960000
148.460000
148.920000
149.400000
149.860000
150.320000
150.780000
151.240000
151.700000
152.180000
152.640000
153.120000
153.580000
154.040000
154.500000
154.960000
155.460000
155.940000
156.420000
156.900000
157.360000
157.800000
158.260000
158.740000
159.180000
159.660000
160.120000
160.580000
161.040000
161.540000
162.000000
162.480000
162.940000
163.420000
163.880000
164.320000
164.780000
165.240000
165.700000
166.160000
166.600000
167.060000
167.540000
168.020000
168.480000
168.940000
169.400000
169.860000
170.320000
170.780000
171.260000
171.720000
172.160000
172.620000
173.060000
173.520000
173.980000
174.420000
174.880000
175.360000
175.820000
176.300000
176.760000
177.220000
177.660000
178.140000
178.620000
179.080000
179.560000
180.020000
180.480000
180.960000
181.420000
181.900000
182.800000
183.260000
183.720000
184.180000
184.660000
185.120000
185.580000
186.060000
186.540000
187.000000
187.460000
187.940000
188.420000
188.860000
189.340000
189.800000
190.280000
190.740000
191.220000
191.680000
192.160000
192.600000
193.060000
193.540000
194.000000
194.460000
194.920000
195.400000
195.880000
196.340000
196.800000
197.260000
197.740000
198.200000
198.680000
199.160000
199.620000
200.080000
200.520000
200.980000
201.460000
201.920000
202.400000
202.880000
203.360000
203.820000
204.300000
204.760000
205.200000
205.660000
206.160000
206.620000
207.080000
207.560000
208.040000
208.500000
208.960000
209.420000
209.900000
210.380000
210.860000
211.320000
211.800000
212.240000
212.720000
213.200000
213.680000
214.140000
214.620000
215.080000
215.560000
216.020000
216.480000
216.940000
217.420000
217.880000
218.340000
218.800000
219.280000
219.740000
220.200000
220.660000
221.140000
221.600000
222.060000
222.520000
223.000000
223.480000
223.940000
224.400000
224.880000
225.340000
225.840000
226.300000
226.760000
227.240000
227.700000
228.180000
228.660000
229.120000
229.580000
230.040000
230.520000
231.000000
231.500000
231.960000
232.480000
232.940000
233.460000
233.920000
236.040000
236.580000
237.580000
239.000000
239.460000
239.800000
