0.800000
1.420000
2.040000
2.660000
3.840000
5.200000
5.380000
6.400000
6.740000
7.520000
8.100000
8.680000
8.960000
9.320000
10.520000
11.140000
11.760000
12.360000
13.000000
13.620000
14.240000
14.840000
15.480000
16.100000
16.740000
17.320000
17.960000
18.600000
19.220000
19.840000
20.460000
21.100000
21.740000
22.360000
22.960000
23.660000
24.900000
25.520000
26.160000
26.800000
27.440000
28.040000
28.680000
29.920000
30.540000
31.140000
31.740000
32.420000
33.060000
34.280000
34.900000
35.500000
36.140000
36.740000
37.340000
37.960000
38.580000
39.180000
39.780000
40.380000
41.020000
41.660000
42.300000
42.940000
43.580000
44.220000
44.820000
45.460000
46.040000
46.680000
47.320000
47.960000
48.580000
49.220000
49.840000
50.480000
51.100000
51.760000
52.380000
52.980000
53.620000
54.260000
54.900000
55.560000
56.160000
56.820000
57.440000
58.080000
58.680000
59.320000
59.920000
60.540000
61.180000
61.820000
62.440000
63.080000
63.680000
64.340000
64.940000
65.580000
66.220000
66.860000
67.460000
68.100000
68.700000
69.340000
69.960000
70.580000
71.220000
71.840000
72.480000
73.080000
73.720000
74.360000
75.020000
75.680000
76.320000
76.960000
77.560000
78.200000
78.800000
79.440000
80.040000
80.680000
81.300000
81.940000
82.540000
83.180000
83.780000
84.440000
85.060000
85.700000
86.320000
86.980000
87.600000
88.220000
88.840000
89.480000
90.120000
90.760000
91.360000
92.020000
92.620000
93.260000
93.860000
94.500000
95.140000
95.780000
96.380000
97.020000
97.640000
98.260000
98.880000
99.500000
100.100000
100.700000
101.300000
101.920000
102.540000
103.160000
103.760000
104.360000
107.240000
107.840000
108.500000
108.800000
109.120000
109.420000
110.040000
110.700000
111.320000
111.920000
113.220000
113.820000
114.480000
115.080000
115.700000
116.380000
117.020000
117.660000
118.880000
119.520000
120.140000
120.760000
121.380000
122.020000
122.640000
123.280000
123.880000
124.500000
125.160000
125.780000
126.400000
127.060000
127.680000
128.340000
128.960000
129.560000
130.200000
130.840000
131.480000
132.140000
132.740000
133.380000
133.980000
134.620000
135.260000
135.900000
136.520000
137.140000
137.800000
138.420000
139.080000
139.720000
140.340000
141.000000
141.620000
142.240000
142.840000
143.480000
144.080000
144.700000
145.340000
145.960000
146.580000
147.200000
147.820000
148.460000
149.080000
149.720000
150.340000
150.980000
151.580000
152.220000
152.840000
154.100000
154.760000
155.340000
155.980000
156.580000
157.200000
157.820000
158.440000
159.060000
159.720000
160.320000
160.960000
161.560000
162.200000
162.820000
164.040000
164.660000
165.300000
165.920000
166.520000
167.140000
167.740000
168.400000
169.020000
169.620000
170.280000
170.920000
171.520000
172.140000
172.760000
173.400000
174.000000
174.620000
175.260000
175.880000
176.480000
177.120000
177.720000
178.380000
179.000000
179.640000
180.240000
180.860000
181.480000
182.120000
182.720000
183.360000
183.960000
184.580000
185.200000
185.840000
186.440000
187.080000
187.680000
188.320000
188.940000
189.560000
190.200000
190.840000
191.440000
192.040000
192.660000
193.300000
193.920000
194.520000
195.160000
195.800000
196.400000
197.020000
197.640000
198.280000
198.880000
199.500000
200.120000
200.740000
201.360000
201.980000
202.580000
203.200000
203.800000
204.440000
205.060000
205.700000
206.300000
206.920000
207.540000
208.180000
208.780000
209.400000
210.000000
210.640000
211.240000
211.880000
212.480000
213.120000
213.720000
214.320000
214.940000
215.580000
216.180000
216.820000
217.460000
218.060000
218.660000
219.300000
219.900000
220.540000
221.140000
221.740000
222.380000
227.200000
228.440000
229.340000
230.300000
231.100000
231.900000
