0.820000
1.380000
1.740000
2.080000
2.440000
2.820000
3.180000
3.580000
3.940000
4.680000
5.400000
6.140000
6.860000
7.620000
8.360000
9.080000
9.800000
10.540000
11.340000
12.120000
12.900000
13.640000
14.380000
15.120000
15.840000
16.580000
17.280000
18.120000
19.560000
20.280000
21.020000
21.780000
22.520000
23.240000
24.000000
24.800000
25.540000
26.260000
27.000000
27.780000
28.540000
29.320000
30.060000
30.820000
32.280000
33.040000
35.260000
36.000000
36.780000
37.540000
38.300000
39.060000
39.860000
40.620000
41.360000
42.120000
42.880000
43.660000
44.420000
45.180000
45.960000
46.720000
47.500000
48.240000
49.040000
49.800000
50.560000
51.340000
52.100000
52.860000
53.620000
54.360000
55.120000
55.880000
56.640000
57.420000
58.160000
58.920000
59.660000
60.440000
61.220000
61.980000
62.720000
63.480000
64.240000
64.980000
65.720000
66.460000
67.220000
67.940000
68.720000
69.460000
70.220000
70.940000
71.680000
72.420000
73.200000
73.940000
74.700000
75.460000
76.220000
77.720000
78.520000
79.240000
80.000000
80.700000
81.440000
82.200000
82.940000
83.700000
84.460000
85.220000
86.000000
86.780000
87.520000
88.260000
89.040000
89.780000
90.580000
91.340000
92.080000
92.840000
93.580000
94.340000
95.080000
95.840000
96.580000
97.340000
98.140000
98.880000
99.620000
100.380000
101.160000
101.940000
102.680000
103.460000
104.960000
105.740000
106.520000
107.260000
108.020000
108.800000
109.600000
110.380000
111.140000
111.900000
112.700000
113.460000
114.260000
115.000000
115.760000
116.540000
117.320000
118.840000
119.620000
120.400000
121.160000
121.920000
122.680000
123.460000
124.240000
125.000000
125.780000
126.580000
127.320000
128.120000
128.900000
129.700000
130.460000
131.200000
131.940000
132.740000
133.540000
135.080000
135.820000
136.600000
137.360000
138.100000
138.840000
139.620000
140.380000
141.120000
141.860000
142.620000
143.400000
144.160000
144.880000
145.660000
146.380000
147.120000
147.880000
148.680000
149.440000
150.180000
150.920000
151.680000
152.400000
153.180000
153.940000
154.660000
155.400000
156.160000
156.880000
157.620000
158.360000
159.080000
159.860000
160.640000
162.140000
162.900000
163.620000
164.380000
165.140000
165.920000
166.700000
167.440000
168.220000
168.980000
169.740000
170.500000
171.240000
172.060000
172.820000
173.560000
174.320000
175.100000
175.860000
176.640000
177.400000
178.180000
178.920000
179.700000
180.440000
181.220000
181.980000
182.740000
183.480000
185.000000
185.780000
186.500000
187.260000
188.020000
188.820000
189.560000
190.320000
191.060000
191.820000
192.580000
193.340000
194.060000
194.860000
195.660000
196.420000
197.180000
197.920000
198.660000
199.420000
200.160000
200.920000
201.700000
202.460000
203.240000
204.000000
204.740000
205.520000
206.280000
207.020000
207.820000
208.600000
209.360000
210.100000
210.840000
211.600000
212.320000
213.100000
213.860000
214.620000
215.420000
216.180000
216.920000
217.660000
218.400000
219.120000
219.900000
220.700000
221.460000
222.220000
223.000000
223.740000
224.460000
225.200000
225.960000
226.720000
227.460000
228.220000
228.980000
229.740000
230.500000
231.280000
232.020000
232.800000
233.580000
234.320000
235.100000
235.860000
236.600000
237.320000
238.100000
238.860000
239.640000
240.380000
241.100000
241.860000
242.680000
