0.840000
1.160000
2.380000
3.920000
4.240000
5.780000
5.920000
6.120000
7.400000
8.060000
8.940000
9.520000
9.880000
11.680000
12.320000
12.960000
13.340000
13.620000
14.240000
15.180000
15.460000
16.140000
16.760000
17.380000
18.320000
18.620000
18.920000
19.240000
20.160000
22.780000
22.900000
23.540000
24.200000
24.840000
25.460000
26.100000
26.700000
27.660000
27.960000
28.300000
28.580000
28.920000
29.200000
29.800000
30.400000
31.000000
31.620000
32.240000
34.100000
34.480000
34.760000
35.100000
35.420000
35.760000
36.060000
36.700000
37.020000
37.340000
37.980000
38.560000
38.900000
39.200000
39.520000
39.800000
40.160000
40.440000
40.740000
41.040000
41.340000
41.660000
41.960000
42.260000
42.560000
42.860000
43.200000
43.460000
44.080000
44.680000
45.340000
45.980000
46.640000
48.360000
48.480000
49.060000
49.400000
49.700000
50.020000
50.320000
51.600000
52.100000
52.420000
52.840000
53.080000
53.200000
53.460000
53.980000
54.380000
54.680000
55.920000
56.340000
56.580000
56.940000
57.220000
57.900000
58.540000
59.500000
60.180000
60.340000
60.700000
61.500000
61.740000
61.900000
62.020000
62.160000
62.400000
62.780000
63.380000
63.540000
64.060000
64.360000
64.700000
65.000000
65.140000
65.260000
65.620000
65.800000
66.120000
67.160000
67.500000
67.840000
68.180000
68.520000
68.880000
69.220000
69.560000
69.900000
70.260000
70.600000
70.940000
71.600000
71.960000
72.320000
74.080000
74.400000
74.780000
75.120000
75.460000
75.820000
76.500000
77.180000
77.860000
78.560000
78.940000
79.280000
79.620000
80.340000
80.680000
81.020000
81.360000
81.700000
83.920000
84.340000
86.340000
86.700000
87.100000
87.480000
88.880000
89.240000
89.600000
90.280000
90.640000
91.320000
91.720000
92.080000
92.460000
93.860000
94.320000
94.600000
95.280000
95.640000
95.980000
96.340000
96.680000
97.080000
97.460000
98.500000
98.840000
99.220000
99.540000
100.260000
100.940000
101.620000
102.040000
102.400000
102.740000
103.420000
103.820000
104.140000
104.540000
104.880000
105.580000
106.260000
106.960000
107.640000
108.700000
109.440000
110.400000
110.740000
111.100000
111.500000
111.860000
112.220000
113.240000
113.600000
114.000000
114.360000
114.700000
115.040000
115.380000
116.080000
116.440000
117.180000
118.580000
118.920000
119.640000
120.340000
121.020000
121.760000
122.160000
122.840000
123.520000
124.280000
124.960000
125.660000
126.360000
127.100000
128.500000
129.200000
129.560000
129.920000
130.260000
130.620000
131.020000
131.380000
131.740000
132.100000
132.460000
132.840000
133.200000
133.560000
134.280000
134.960000
135.340000
135.700000
136.060000
136.420000
136.780000
137.140000
137.480000
137.860000
138.240000
138.600000
138.960000
139.980000
140.340000
140.720000
141.080000
141.440000
141.800000
142.500000
142.860000
143.600000
144.300000
144.660000
145.020000
145.400000
145.740000
146.120000
146.480000
146.840000
147.200000
147.560000
147.920000
148.280000
148.640000
149.000000
149.340000
149.680000
150.020000
150.380000
151.060000
151.380000
151.740000
152.100000
152.440000
152.780000
153.140000
153.500000
153.860000
154.240000
154.600000
154.960000
155.220000
155.560000
155.900000
156.260000
156.600000
156.960000
157.300000
157.920000
158.260000
158.600000
158.980000
159.300000
159.980000
160.640000
161.320000
163.240000
163.900000
164.600000
165.320000
165.960000
166.680000
167.340000
168.020000
168.660000
169.400000
170.080000
170.760000
171.420000
172.100000
172.780000
173.440000
174.100000
174.740000
175.440000
176.120000
176.480000
176.820000
177.160000
177.820000
178.140000
178.480000
179.120000
179.460000
179.760000
180.400000
181.040000
181.700000
182.360000
183.040000
184.340000
184.980000
185.620000
186.240000
186.900000
187.540000
188.240000
191.420000
192.040000
192.680000
193.340000
193.740000
194.020000
194.640000
195.280000
195.860000
196.220000
196.540000
196.900000
197.200000
197.600000
197.940000
198.660000
200.100000
200.780000
201.460000
201.820000
202.480000
202.820000
203.220000
203.520000
204.580000
204.900000
205.960000
206.300000
206.640000
206.980000
207.320000
207.660000
209.480000
209.840000
210.200000
210.560000
212.320000
212.660000
213.040000
213.380000
214.780000
215.140000
215.480000
215.820000
216.160000
216.500000
216.840000
217.180000
217.560000
217.920000
218.300000
218.660000
219.020000
219.380000
219.740000
220.460000
221.180000
221.840000
222.580000
223.300000
223.660000
224.020000
224.720000
225.080000
226.140000
226.480000
226.860000
227.220000
227.580000
227.940000
228.300000
228.640000
228.980000
229.380000
229.720000
230.080000
230.420000
231.120000
231.480000
231.840000
232.200000
232.580000
232.940000
233.300000
233.660000
234.020000
234.380000
234.720000
235.780000
236.120000
236.480000
237.480000
237.800000
238.140000
238.500000
238.860000
239.200000
239.540000
239.920000
240.280000
240.660000
241.240000
241.560000
241.940000
242.620000
242.980000
243.940000
244.320000
244.660000
245.340000
245.680000
246.340000
246.680000
247.040000
247.380000
248.020000
248.340000
248.980000
249.320000
249.660000
250.020000
250.360000
250.720000
251.040000
252.040000
252.380000
252.740000
253.080000
253.760000
254.400000
254.720000
255.060000
255.420000
255.760000
256.440000
257.060000
257.720000
258.360000
259.060000
259.740000
260.440000
261.100000
261.440000
261.800000
262.440000
262.800000
263.140000
264.120000
264.440000
264.780000
265.100000
265.440000
265.740000
266.060000
266.380000
266.740000
267.680000
268.320000
268.700000
269.040000
269.720000
270.340000
271.600000
272.180000
272.780000
273.500000
274.180000
274.860000
275.480000
276.140000
276.800000
277.420000
278.040000
278.680000
279.360000
280.060000
280.660000
281.340000
281.980000
282.640000
283.340000
284.040000
284.800000
285.460000
286.200000
286.940000
287.620000
289.020000
289.720000
290.380000
291.100000
291.460000
291.820000
292.580000
293.320000
293.740000
294.220000
294.980000
295.240000
295.640000
296.060000
296.560000
297.020000
297.380000
298.020000
298.760000
299.360000
300.020000
300.360000
300.680000
301.040000
301.380000
301.740000
302.080000
302.420000
302.760000
303.100000
303.760000
304.380000
304.760000
305.080000
305.460000
305.800000
306.140000
306.480000
307.120000
307.440000
307.780000
308.120000
309.120000
309.440000
309.760000
310.080000
310.440000
310.780000
311.120000
311.440000
311.760000
312.080000
312.400000
312.720000
313.040000
313.660000
313.960000
314.260000
314.600000
314.960000
315.280000
315.640000
315.960000
316.280000
316.620000
316.940000
317.260000
317.580000
317.900000
318.220000
318.520000
319.120000
319.440000
319.800000
320.120000
320.460000
320.780000
321.100000
321.460000
321.780000
322.120000
322.440000
322.760000
323.080000
323.400000
324.020000
324.640000
324.940000
325.260000
325.600000
325.940000
326.280000
326.600000
326.940000
327.300000
327.640000
328.000000
328.380000
328.740000
329.100000
329.440000
329.800000
330.140000
330.480000
330.820000
331.200000
331.540000
331.920000
332.620000
332.980000
333.320000
333.660000
334.020000
334.360000
334.700000
335.040000
335.700000
336.020000
336.340000
336.680000
337.060000
337.400000
337.760000
338.140000
338.480000
339.200000
339.560000
339.900000
340.240000
340.580000
340.940000
341.280000
341.640000
341.980000
342.660000
343.020000
343.360000
343.720000
344.060000
344.400000
344.740000
345.080000
345.420000
346.040000
346.400000
346.680000
347.340000
347.660000
348.020000
348.340000
348.560000
348.760000
348.880000
349.080000
349.200000
349.500000
349.920000
350.600000
350.960000
351.280000
351.640000
352.220000
352.560000
352.880000
353.260000
353.620000
355.040000
355.380000
356.080000
356.400000
356.760000
357.100000
357.480000
357.820000
358.540000
358.880000
359.240000
359.600000
359.960000
360.300000
360.640000
361.620000
361.960000
362.300000
362.680000
363.020000
363.380000
363.720000
364.080000
364.440000
364.780000
365.140000
365.500000
365.860000
366.540000
366.880000
367.240000
367.620000
367.980000
368.340000
369.400000
369.740000
370.120000
370.800000
371.180000
371.580000
371.940000
372.340000
372.740000
373.140000
373.560000
373.980000
374.420000
374.880000
375.320000
375.780000
376.260000
376.780000
377.280000
377.800000
379.640000
380.280000
380.880000
382.020000
382.620000
383.140000
383.720000
384.300000
384.880000
385.440000
386.000000
387.140000
387.680000
388.220000
389.860000
390.400000
390.960000
391.520000
392.100000
392.660000
393.220000
393.780000
394.340000
394.880000
395.460000
396.020000
396.560000
397.140000
397.700000
398.240000
398.820000
399.180000
399.760000
400.340000
400.920000
401.480000
402.040000
402.620000
403.160000
403.740000
404.300000
404.840000
405.400000
405.980000
406.520000
407.080000
407.620000
408.160000
408.760000
409.240000
409.760000
410.400000
410.900000
411.440000
411.800000
414.240000
414.760000
416.120000
416.640000
417.180000
417.480000
417.720000
418.280000
419.300000
420.140000
420.660000
421.160000
421.680000
422.200000
422.740000
423.280000
423.780000
424.300000
424.840000
425.340000
425.880000
426.420000
426.940000
427.440000
427.960000
428.460000
429.040000
429.580000
430.620000
431.140000
431.660000
432.180000
432.700000
433.240000
433.760000
434.300000
434.820000
435.360000
435.860000
436.400000
436.920000
437.440000
437.940000
438.500000
439.000000
439.500000
441.480000
442.160000
442.840000
443.480000
444.220000
445.600000
446.280000
447.640000
448.020000
449.100000
449.400000
449.740000
450.420000
451.500000
451.880000
452.240000
452.580000
453.300000
454.360000
454.700000
455.060000
455.380000
456.120000
456.780000
457.520000
457.860000
458.260000
459.100000
459.540000
459.900000
460.240000
460.600000
460.980000
461.340000
461.700000
462.060000
462.400000
462.780000
463.840000
464.200000
464.560000
464.920000
465.980000
466.320000
466.660000
467.040000
467.760000
468.100000
468.440000
468.780000
469.140000
469.500000
469.860000
470.260000
470.620000
472.060000
472.420000
473.120000
473.800000
474.500000
474.840000
475.200000
475.920000
478.040000
478.380000
478.720000
479.080000
479.740000
480.060000
481.440000
482.460000
482.820000
483.540000
485.200000
485.560000
485.900000
486.240000
486.580000
486.940000
487.580000
488.220000
489.600000
489.920000
490.240000
490.900000
491.540000
492.180000
492.820000
493.520000
494.900000
496.260000
496.940000
498.240000
498.880000
499.580000
499.960000
500.280000
501.580000
502.220000
502.920000
503.320000
503.620000
504.320000
504.640000
504.980000
505.680000
506.360000
507.040000
508.000000
508.320000
508.980000
509.600000
510.260000
510.900000
511.540000
512.200000
512.900000
514.460000
514.760000
515.420000
516.100000
516.720000
517.060000
517.380000
518.100000
518.740000
519.700000
520.020000
520.660000
520.980000
521.920000
522.260000
522.580000
522.900000
523.220000
523.880000
524.200000
524.520000
525.140000
525.800000
526.140000
526.480000
526.840000
527.200000
527.520000
527.880000
528.260000
528.600000
528.960000
529.300000
529.640000
529.980000
530.340000
530.700000
531.040000
531.380000
531.720000
532.060000
532.420000
532.760000
533.120000
533.480000
533.840000
534.180000
534.540000
534.880000
535.220000
535.580000
535.940000
536.600000
537.240000
537.600000
537.960000
538.320000
538.660000
539.300000
539.640000
540.020000
540.360000
540.700000
541.040000
541.360000
541.700000
542.040000
542.360000
543.020000
543.360000
543.680000
544.020000
544.360000
544.680000
545.000000
545.340000
545.660000
546.060000
546.400000
546.740000
547.400000
547.740000
548.380000
548.720000
549.060000
549.400000
549.740000
551.020000
551.360000
551.740000
552.080000
552.400000
553.040000
553.360000
553.680000
554.000000
554.320000
554.640000
555.000000
