0.680000
0.960000
1.240000
1.560000
2.420000
2.980000
3.540000
4.120000
4.740000
5.320000
5.880000
6.480000
7.060000
7.640000
8.220000
8.800000
9.380000
9.960000
10.520000
11.140000
11.740000
12.320000
12.880000
13.480000
14.040000
14.620000
15.200000
15.820000
16.380000
16.960000
17.540000
18.140000
18.700000
19.300000
19.860000
20.460000
21.040000
21.620000
22.200000
22.780000
23.380000
23.960000
24.540000
25.140000
25.700000
26.300000
26.860000
27.460000
28.020000
28.620000
29.180000
29.760000
30.340000
30.940000
31.520000
32.100000
32.660000
33.260000
33.840000
34.420000
35.020000
35.600000
36.160000
36.760000
37.340000
37.940000
38.520000
39.100000
39.660000
40.280000
40.840000
41.440000
42.020000
42.600000
43.200000
43.780000
44.360000
44.960000
45.520000
46.120000
46.700000
47.280000
47.840000
48.420000
49.000000
49.600000
50.160000
50.740000
51.320000
51.920000
52.520000
53.080000
53.640000
54.180000
54.800000
55.420000
56.000000
56.580000
57.160000
57.760000
58.320000
58.880000
59.460000
60.080000
60.640000
61.220000
61.820000
62.420000
63.000000
63.560000
64.160000
64.740000
65.340000
65.900000
66.500000
67.060000
67.660000
68.240000
68.820000
69.400000
69.980000
70.560000
71.160000
71.720000
72.320000
72.880000
73.480000
75.740000
77.000000
78.140000
78.700000
79.320000
79.900000
80.480000
81.060000
81.620000
82.180000
82.800000
83.360000
83.980000
84.540000
85.140000
85.700000
86.300000
86.860000
87.460000
88.040000
88.640000
89.220000
89.780000
90.360000
90.960000
91.520000
92.120000
92.700000
93.280000
93.880000
94.460000
95.020000
95.620000
96.200000
96.780000
97.340000
97.940000
98.520000
99.120000
99.700000
100.280000
100.840000
101.440000
102.020000
102.600000
103.160000
103.780000
104.340000
104.920000
105.480000
106.060000
106.660000
107.220000
107.780000
108.380000
109.000000
109.580000
110.180000
110.720000
111.340000
111.940000
112.500000
113.060000
113.660000
114.240000
114.840000
115.400000
116.000000
116.560000
117.140000
117.740000
118.320000
118.920000
119.500000
120.080000
120.640000
121.240000
121.820000
122.380000
122.940000
123.560000
124.160000
124.740000
125.320000
125.900000
126.500000
127.060000
127.640000
128.220000
128.800000
129.400000
129.980000
130.560000
131.140000
131.740000
132.320000
132.900000
133.460000
134.040000
134.640000
135.240000
135.800000
136.400000
136.960000
137.560000
138.160000
138.720000
139.280000
139.880000
140.460000
141.060000
141.620000
142.220000
142.780000
143.380000
143.980000
144.580000
145.140000
145.720000
146.300000
146.880000
148.020000
148.640000
149.220000
149.780000
150.360000
150.960000
151.540000
152.120000
152.700000
153.280000
153.860000
156.220000
156.640000
157.380000
157.960000
159.120000
159.720000
160.280000
160.860000
161.420000
162.020000
162.600000
163.180000
163.780000
164.340000
164.940000
165.520000
166.100000
166.680000
167.280000
167.840000
168.440000
169.020000
169.600000
170.180000
170.760000
171.360000
171.940000
172.520000
173.080000
173.660000
174.200000
174.820000
175.400000
175.980000
176.560000
177.180000
177.740000
178.320000
178.900000
179.500000
180.080000
180.660000
181.240000
181.820000
182.400000
183.000000
183.600000
184.180000
184.740000
185.300000
185.860000
186.420000
187.020000
187.680000
188.240000
188.820000
189.400000
189.980000
190.560000
191.140000
191.720000
192.280000
192.900000
193.480000
194.060000
194.640000
195.220000
195.800000
196.380000
196.960000
197.560000
198.140000
198.720000
199.300000
199.880000
200.960000
