0.040000	1
0.560000	2
1.020000	3
1.480000	4
1.920000	1
2.380000	2
2.840000	3
3.180000	4
3.180000	1
3.600000	2
3.740000	3
3.740000	4
3.740000	1
3.980000	2
4.460000	3
4.920000	4
5.020000	1
5.040000	2
5.040000	3
5.060000	4
5.540000	1
6.020000	2
6.480000	3
6.940000	4
7.420000	1
7.800000	2
8.240000	3
8.740000	4
9.240000	1
9.700000	2
10.180000	3
10.620000	4
11.100000	1
11.560000	2
12.020000	3
12.480000	4
12.940000	1
13.420000	2
13.900000	3
14.320000	4
14.800000	1
15.280000	2
15.760000	3
16.220000	4
16.700000	1
17.180000	2
17.640000	3
18.060000	4
18.520000	1
18.980000	2
19.440000	3
19.960000	4
20.440000	1
20.960000	2
21.480000	3
21.960000	4
22.420000	1
22.880000	2
23.360000	3
23.780000	4
24.180000	1
24.660000	2
25.140000	3
25.600000	4
26.020000	1
26.200000	2
26.880000	3
27.300000	4
27.860000	1
28.360000	2
28.820000	3
29.320000	4
29.780000	1
30.200000	2
30.680000	3
31.160000	4
31.620000	1
32.100000	2
32.580000	3
33.040000	4
33.520000	1
33.980000	2
34.460000	3
34.920000	4
35.380000	1
35.840000	2
36.300000	3
36.740000	4
37.200000	1
37.660000	2
38.120000	3
38.600000	4
39.060000	1
39.500000	2
39.980000	3
40.440000	4
40.920000	1
41.400000	2
41.860000	3
42.340000	4
42.800000	1
43.260000	2
43.740000	3
44.200000	4
44.640000	1
45.120000	2
45.580000	3
46.060000	4
46.520000	1
46.980000	2
47.460000	3
47.920000	4
48.400000	1
48.880000	2
49.340000	3
49.820000	4
50.280000	1
50.780000	2
51.280000	3
51.760000	4
52.160000	1
52.620000	2
53.020000	3
53.480000	4
53.940000	1
54.400000	2
54.860000	3
55.340000	4
55.880000	1
56.360000	2
56.920000	3
57.400000	4
57.840000	1
58.320000	2
58.780000	3
59.260000	4
59.620000	1
60.100000	2
60.560000	3
61.040000	4
61.540000	1
62.020000	2
62.480000	3
62.960000	4
63.420000	1
63.880000	2
64.400000	3
64.860000	4
65.380000	5
65.840000	6
66.320000	1
66.800000	2
67.280000	3
67.740000	4
68.200000	1
68.680000	2
69.140000	3
69.620000	4
70.080000	1
70.560000	2
71.000000	3
71.480000	4
71.940000	1
72.320000	2
72.800000	3
73.260000	4
73.740000	5
74.200000	6
74.680000	1
75.140000	2
75.600000	3
76.080000	4
76.560000	1
77.040000	2
77.520000	3
78.080000	4
78.540000	1
79.020000	2
79.380000	3
79.840000	4
80.300000	1
80.760000	2
81.240000	3
81.700000	4
82.220000	5
82.680000	6
83.160000	1
83.620000	2
84.220000	3
84.520000	4
84.980000	1
85.400000	2
85.860000	3
86.340000	4
86.800000	1
87.120000	2
87.580000	3
88.060000	4
88.540000	1
89.000000	2
89.480000	3
89.960000	4
90.440000	5
90.900000	6
91.360000	1
91.840000	2
92.340000	3
92.800000	4
93.200000	1
93.660000	2
94.280000	3
94.740000	4
95.460000	1
95.920000	2
96.400000	3
96.880000	4
97.400000	1
97.860000	2
98.360000	3
98.820000	4
99.300000	1
99.760000	2
100.240000	3
100.700000	4
101.140000	1
101.620000	2
102.080000	3
102.500000	4
102.920000	1
103.240000	2
103.700000	3
104.180000	4
104.640000	1
105.080000	2
105.540000	3
106.020000	4
106.480000	1
106.960000	2
107.380000	3
107.840000	4
108.300000	1
108.660000	2
109.060000	3
109.460000	4
109.940000	1
110.400000	2
110.880000	3
111.340000	4
111.820000	1
112.280000	2
112.760000	3
113.220000	4
113.700000	1
114.160000	2
114.620000	3
115.040000	4
115.500000	1
115.960000	2
116.440000	3
116.860000	4
117.240000	1
117.700000	2
118.180000	3
118.580000	4
119.060000	1
119.520000	2
120.000000	3
120.540000	4
120.920000	1
121.280000	2
121.740000	3
122.220000	4
122.700000	1
123.120000	2
123.460000	3
123.920000	4
124.380000	1
124.860000	2
125.320000	3
125.780000	4
126.260000	1
126.720000	2
127.200000	3
127.660000	4
128.140000	5
128.540000	6
129.000000	1
129.560000	2
130.020000	3
130.480000	4
130.960000	1
131.540000	2
132.060000	3
132.520000	4
133.000000	1
133.460000	2
133.940000	3
134.400000	4
134.860000	1
135.340000	2
135.780000	3
136.260000	4
136.720000	5
137.260000	6
137.680000	1
138.060000	2
138.540000	3
139.000000	4
139.540000	1
140.060000	2
140.540000	3
141.000000	4
141.440000	1
141.900000	2
142.360000	3
142.800000	4
143.280000	1
143.740000	2
144.140000	3
144.560000	4
145.040000	5
145.500000	6
145.960000	1
146.440000	2
146.900000	3
147.380000	4
147.960000	1
148.460000	2
148.940000	3
149.400000	4
149.880000	1
150.200000	2
150.680000	3
151.140000	4
151.600000	1
152.000000	2
152.460000	3
152.940000	4
153.400000	5
153.880000	6
154.280000	1
154.760000	2
155.440000	3
155.940000	4
156.400000	1
156.860000	2
157.340000	3
157.720000	4
158.120000	1
158.580000	2
159.060000	3
159.520000	4
160.000000	1
160.480000	2
161.020000	3
161.500000	4
161.960000	1
162.440000	2
162.940000	3
163.400000	4
163.800000	1
164.160000	2
164.580000	3
165.120000	4
165.580000	1
166.040000	2
166.480000	3
166.780000	4
167.260000	1
167.720000	2
168.200000	3
168.660000	4
169.140000	1
169.520000	2
169.980000	3
170.440000	4
171.000000	1
171.500000	2
171.960000	3
172.560000	4
173.020000	1
173.480000	2
173.960000	3
174.420000	4
175.000000	1
175.460000	2
175.940000	3
176.400000	4
177.000000	1
177.500000	2
177.980000	3
178.380000	4
178.860000	1
179.320000	2
179.800000	3
180.260000	4
180.740000	1
181.140000	2
181.620000	3
182.080000	4
182.380000	1
182.740000	2
183.180000	3
183.640000	4
184.120000	1
184.580000	2
185.040000	3
185.520000	4
186.040000	5
186.520000	6
186.980000	1
187.460000	2
187.920000	3
188.380000	4
188.860000	1
189.320000	2
189.780000	3
190.240000	4
190.640000	1
191.100000	2
191.580000	3
192.040000	4
192.520000	1
192.980000	2
193.440000	3
193.900000	4
194.340000	5
194.800000	6
195.280000	1
195.840000	2
196.320000	3
196.780000	4
197.240000	1
197.720000	2
198.180000	3
198.660000	4
199.100000	1
199.580000	2
200.040000	3
200.520000	4
200.980000	1
201.440000	2
201.900000	3
202.380000	4
202.860000	5
203.320000	6
203.800000	1
204.260000	2
204.720000	3
205.200000	4
205.660000	1
206.200000	2
206.660000	3
207.140000	4
207.580000	1
208.040000	2
208.520000	3
208.980000	4
209.460000	1
209.920000	2
210.400000	3
210.860000	4
211.440000	5
211.920000	6
212.280000	1
212.620000	2
213.100000	3
213.560000	4
214.040000	1
214.500000	2
214.980000	3
215.440000	4
215.900000	1
216.380000	2
216.840000	3
217.320000	4
217.780000	1
218.240000	2
218.720000	3
219.180000	4
219.760000	5
220.240000	6
220.660000	1
221.120000	2
221.600000	3
222.080000	4
222.500000	1
222.920000	2
223.380000	3
223.860000	4
224.240000	1
224.720000	2
225.180000	3
225.660000	4
225.680000	1
225.800000	2
226.280000	3
226.740000	4
227.060000	1
227.300000	2
227.580000	3
227.780000	4
228.180000	1
228.480000	2
228.900000	3
229.340000	4
229.580000	1
230.040000	2
230.500000	3
230.920000	4
230.920000	1
231.200000	2
231.660000	3
232.140000	4
232.600000	1
233.080000	2
233.540000	3
234.000000	4
234.480000	1
234.940000	2
235.420000	3
235.920000	4
236.380000	1
