0.163784
0.553805
0.977211
1.403778
2.107337
2.471894
3.213332
3.860000
4.483305
5.104226
5.728532
6.357027
6.989047
7.630846
8.264731
8.660877
9.453943
10.152998
10.816782
11.466544
12.110596
12.752293
13.393011
14.026154
14.661691
15.298802
15.936937
16.575736
17.214963
17.847302
18.468054
19.095702
19.727775
20.369853
21.011187
21.644878
22.287994
22.929994
23.571277
24.212101
24.852629
25.492968
26.133186
26.773326
27.413415
28.053473
28.693510
29.333533
29.973549
30.613558
31.253565
31.893569
32.533571
33.173573
33.820739
34.465338
35.108289
35.750183
36.391399
36.786068
37.569318
37.994853
38.524041
39.423210
40.156626
40.832329
41.231365
42.024152
42.713386
43.377577
44.027274
44.671154
45.319861
45.965050
46.601051
47.245585
47.888467
48.530305
49.171480
49.819397
50.464477
51.107737
51.507570
52.298014
53.025205
53.691817
54.336161
54.739689
55.534164
56.233484
56.897227
57.546884
58.190836
58.832456
59.473120
60.113391
60.753502
61.400712
61.797719
62.591999
63.299182
63.967983
64.620916
65.266988
65.909979
66.551526
67.206700
67.856373
68.502554
69.160841
69.812571
70.460098
71.112092
71.759789
72.404728
73.055063
73.694530
74.341353
74.978567
75.623944
76.267395
76.916774
77.569959
78.218420
78.863849
79.507334
80.156735
80.802769
81.446640
82.089125
82.730720
83.378908
84.024163
84.674700
85.321463
85.972967
86.620350
87.272254
87.919892
88.564795
89.207941
89.857125
90.503018
91.146801
91.796393
92.449714
93.105428
93.748347
94.390220
95.038588
95.683957
96.327403
96.976780
97.622797
98.266659
98.916302
99.562490
100.199297
100.830082
101.471334
102.119302
102.764416
103.407697
104.049803
104.436092
104.924663
105.791081
106.518745
107.207248
107.855189
108.468168
109.082361
109.705266
110.334072
110.952463
111.571393
112.190690
112.824564
113.446299
114.060246
114.683526
115.319962
115.957674
116.581875
117.211737
117.830900
118.450363
119.077184
119.701561
120.338700
120.976864
121.608521
122.250332
122.884329
123.506146
124.141643
124.778753
125.409733
126.036779
126.668466
127.295967
127.927945
128.562797
129.199493
129.830208
130.457084
131.081497
131.711494
132.345075
132.966625
133.587620
134.215423
134.854761
135.487171
136.107970
136.728483
137.363142
137.999715
138.637516
139.268939
139.910600
140.551666
141.192350
141.832789
142.480236
143.125015
143.768082
144.410050
145.058478
145.703887
146.347358
146.982421
147.626417
148.268982
148.903462
149.299863
150.085527
150.772869
151.436696
152.086489
152.730560
153.372269
154.012996
154.653310
155.293449
155.933513
156.573543
157.220723
157.865329
158.508284
159.150180
159.791397
160.439342
161.084442
161.727714
162.362649
162.999398
163.622982
164.259612
164.890284
165.524298
166.167622
166.802590
167.446526
168.089051
168.730672
169.371713
170.012380
170.652808
171.293083
171.933260
172.573373
173.213446
173.853492
174.500687
