0.200180
0.380977
0.620890
0.911153
1.253830
1.418281
1.774472
2.171963
2.351922
2.739499
3.178597
3.370158
3.773867
3.980826
4.368996
4.784068
4.997124
5.422020
5.654636
5.932911
6.427664
6.682920
6.977419
7.289328
7.778874
8.207167
8.594501
8.958696
9.311846
9.659340
10.003767
10.346453
10.688113
10.895845
11.333059
11.713689
12.072034
12.293546
12.717335
12.954874
13.392508
13.632996
14.072797
14.309019
14.758658
15.002818
15.454991
15.700013
16.161268
16.400249
16.845508
17.101920
17.562421
17.810340
18.267493
18.514246
18.961893
19.200731
19.653752
19.899065
20.344795
20.601372
21.046185
21.284036
21.727790
21.969873
22.411306
22.661783
22.949206
23.261892
23.787049
24.040146
24.506214
24.759220
25.213867
25.464044
25.915967
26.156228
26.611087
26.847823
27.298034
27.533161
27.981242
28.229433
28.678994
28.936905
29.235466
29.551700
30.031021
30.306770
30.611817
31.127012
31.388035
31.857825
32.098591
32.553250
32.937612
33.303299
33.655837
33.875788
34.147703
34.456563
34.980952
35.391879
35.609758
36.055049
36.444439
36.806949
37.157895
37.510714
37.865536
38.221977
38.579595
38.811017
39.250114
39.631838
39.983590
40.328218
40.670015
41.017860
41.362694
41.705713
42.047617
42.395990
42.748523
43.110894
43.465250
43.673593
44.119449
44.505119
44.866576
45.217334
45.563039
45.906214
46.255221
46.593752
46.939941
47.298230
47.649961
48.004651
48.354078
48.707292
49.055772
49.401214
49.601710
49.857181
50.320883
50.562443
51.016756
51.252700
51.709342
52.095038
52.454319
52.666964
53.093678
53.323036
53.765437
54.166746
54.528747
54.738125
55.176021
55.409381
55.688564
56.176614
56.411013
56.688431
57.187442
57.586997
57.801124
58.065562
58.553319
58.792776
59.235586
59.604714
59.953458
60.309649
60.665587
61.029487
61.363032
61.691616
62.031413
62.238421
62.651294
62.880753
63.151928
63.622025
63.999934
64.251286
64.679700
64.899457
65.336097
65.562204
65.998523
66.365597
66.706352
67.043297
67.379892
67.589722
67.862786
68.332484
68.720157
68.944113
69.382877
69.615545
70.061597
70.300208
70.761150
71.004696
71.306244
71.788030
72.179210
72.546212
72.905686
73.256128
73.602007
73.952616
74.299285
74.643507
74.986194
75.194337
75.601016
75.832811
76.263070
76.650194
77.010888
77.228584
77.654578
78.020360
78.376499
78.588305
79.014193
79.257020
79.693816
79.938599
80.226496
80.691572
81.073763
81.308648
81.840507
82.272395
82.661070
83.028536
83.245612
83.671831
83.860353
84.077435
84.330435
84.751325
85.113276
85.454035
85.789349
86.124240
86.467273
86.684102
87.110477
87.484706
87.839070
88.185336
88.528171
88.876679
89.221936
89.431046
89.870151
90.095328
90.548343
90.933501
91.292991
91.497019
91.911915
92.141650
92.568738
92.938931
93.296488
93.644123
93.987573
94.322023
94.665395
95.014626
95.353342
95.692501
96.031954
96.371601
96.711373
97.051226
97.391132
97.593827
98.000701
98.371081
98.715839
99.056053
99.395035
99.733908
100.065822
100.400554
100.614304
101.044342
101.413378
101.764570
102.108845
102.450416
102.790946
103.131089
103.471100
103.811074
104.151044
104.498184
104.842763
105.185701
105.527586
105.868796
106.209572
106.425701
106.835735
107.073280
107.503352
107.882904
108.238966
108.585688
108.928568
109.277005
109.615006
109.953626
110.292700
110.632089
110.843308
111.277610
111.641724
111.997149
112.344097
112.687373
113.021822
113.365235
113.707344
113.906518
114.324027
114.685767
114.919791
115.319424
115.683951
116.039004
116.385460
116.728318
116.953743
117.368653
117.736169
118.093645
118.449076
118.670323
119.094635
119.467453
119.820870
120.166508
120.508930
120.849998
121.190483
121.537878
121.882590
122.095886
122.509743
122.869361
123.207479
123.550705
123.898791
124.243489
124.586305
124.928030
125.269104
125.609779
125.950207
126.153106
126.575817
126.948008
127.308416
127.521932
127.942450
128.320058
128.676268
128.883717
129.154214
129.456614
129.947978
130.190757
130.474280
130.782388
131.283591
131.672006
132.020817
132.361011
132.698941
133.036713
133.374913
133.713605
134.045536
134.387499
134.604086
134.868643
135.166768
135.484303
135.817864
136.334084
136.735325
137.098215
137.446827
137.789955
138.130991
138.478429
138.823035
139.049358
139.465777
139.841700
140.189871
140.532237
140.872590
141.079579
141.499983
141.870706
142.081456
142.339290
142.795738
143.175180
143.528516
143.872496
144.220409
144.421457
144.682071
145.160214
145.544983
145.909166
146.260057
146.466081
146.725923
147.045487
147.524704
147.911365
148.267264
148.619405
149.072966
149.266950
149.630156
149.967507
150.291815
150.626294
150.961607
151.298127
151.495030
151.901520
152.271629
152.486601
152.914910
153.162650
153.605526
153.852324
154.292477
154.669260
155.030547
155.248396
155.517984
155.814453
156.315112
156.720747
157.080580
157.427913
157.770478
158.111256
158.309737
158.563388
159.024661
159.415263
159.775670
159.997200
160.412405
160.786560
161.140501
161.342650
161.755153
162.120650
162.469385
162.812000
163.152469
163.342015
163.761478
163.975026
164.404455
164.783613
165.132135
165.466893
165.794969
166.119590
166.449496
166.775757
166.977464
167.390718
167.749979
168.087874
168.416545
168.762534
169.098718
169.443244
169.786066
169.994249
170.416529
170.788461
171.004129
171.271041
171.575070
172.084261
172.486570
172.710219
172.977603
173.270858
173.765977
174.152653
174.500917
174.840950
175.178850
175.516634
175.692102
176.115363
176.487781
176.694735
177.135533
177.342036
177.793084
178.005989
178.267327
178.570030
179.091690
179.334232
179.786585
180.016368
180.448236
180.834557
181.186798
181.523647
181.860143
182.190109
182.523425
182.859033
183.189006
183.508223
183.834879
184.166313
184.507979
184.715727
185.129640
185.496707
185.714982
186.124332
186.487033
186.840965
187.186714
187.395396
187.657650
188.145843
188.536080
188.896219
189.244568
189.588109
189.929643
190.132817
190.540211
190.767676
191.199995
191.573344
191.925605
192.122456
192.535230
192.755095
193.192700
193.561413
193.903487
194.234165
194.559634
194.896932
195.234960
195.573597
195.775775
196.189687
196.556743
196.766133
197.194619
197.568367
197.779933
198.203279
198.566468
198.913367
199.261871
199.606025
199.810102
200.226431
200.587357
200.803293
201.065552
201.355650
201.864606
202.103615
202.559843
202.942989
203.299902
203.502661
203.759209
204.050334
204.552755
204.959306
205.327024
205.537651
205.960852
206.179632
206.607681
206.978327
207.321548
207.667367
208.009655
208.343360
208.679085
209.023410
209.366145
209.569937
209.978330
210.334766
210.678187
211.024762
211.360617
211.690316
212.023517
212.219185
212.624009
212.985763
213.325192
213.654831
213.994253
214.326235
214.653730
214.978462
215.301467
215.623383
215.944606
216.265389
216.600221
216.951235
217.420110
217.842815
218.243055
218.621713
218.791549
219.121525
219.335006
219.597730
220.024503
220.393900
220.740700
221.080405
221.418335
221.756235
222.094569
222.433369
222.772545
222.979308
223.384059
223.745785
224.085203
224.422043
224.773239
225.112756
225.310831
225.726733
226.094909
226.445555
226.782273
227.119024
227.463639
227.646238
227.881365
228.367766
228.764728
228.866700
228.972729
229.087383
229.243077
229.391316
229.506216
229.639054
229.736348
229.807490
229.891863
229.953475
230.151902
230.225288
230.289660
230.475940
230.542633
230.750119
230.994089
231.259223
231.387196
231.497057
231.589676
231.660527
231.713554
231.752779
231.781614
231.908301
231.925364
231.959373
231.996032
232.173703
232.390232
232.651450
232.763938
233.028366
233.099461
233.183596
233.259963
233.317928
233.361129
233.419838
233.462942
233.606095
233.811385
233.863088
233.960705
234.173067
234.202694
234.237026
234.477091
234.585524
234.815690
234.922928
235.152769
235.186671
235.214807
235.324638
235.539780
235.643628
235.859165
235.942631
236.011658
236.070715
236.125959
236.167064
236.197375
236.219619
236.347211
236.412142
236.600858
236.833847
237.099334
237.403041
237.718304
238.041803
238.370947
238.569377
238.985810
239.346902
239.685920
239.895592
240.310783
240.677877
241.034881
241.382719
241.726520
242.068459
242.409498
242.612593
242.865465
243.149142
243.659800
244.063480
244.269728
244.527363
244.812946
245.119768
245.649771
245.888998
246.168912
246.660962
247.055879
247.409827
247.760920
247.953725
248.369297
248.744234
249.084338
249.435955
249.782177
250.132842
250.300334
250.527229
251.003136
251.386755
251.735631
252.076950
252.416032
252.600537
253.020678
253.383769
253.723962
254.068474
254.403003
254.731850
255.064502
255.392541
255.724833
256.059873
256.396685
256.734636
257.058990
257.396114
257.734269
258.065919
258.393395
258.725359
259.053036
259.392293
259.724651
259.915668
260.321825
260.684376
261.024304
261.361467
261.698506
261.886724
262.304347
262.673453
263.017379
263.349843
263.676696
264.007803
264.334737
264.659109
264.989048
265.322578
265.658420
266.110393
266.317615
266.564419
266.968379
267.312278
267.637167
267.836306
268.084809
268.530229
268.896423
269.112348
269.532221
269.892583
270.230175
270.558275
270.882200
271.204203
271.525276
271.853045
272.177994
272.508320
272.842106
273.046773
273.456390
273.813543
274.157407
274.489849
274.680283
275.100713
275.463860
275.811314
276.145981
276.596330
277.006466
277.391226
277.668152
278.018666
278.477150
