6.593585
7.111096
7.572568
8.051780
8.563687
9.113426
9.691825
10.290671
10.896390
11.521266
12.366420
13.123670
13.458934
14.104957
14.710972
15.317360
15.916467
16.535408
17.168207
17.796054
18.420940
19.051180
19.684891
20.320844
20.778920
21.526061
22.198380
22.831140
23.454108
24.081078
24.719016
25.350157
25.977156
26.608751
27.243332
27.879844
28.503271
29.139799
29.770405
30.397211
31.021578
31.658711
32.289706
32.909597
33.522362
34.152049
34.778266
35.416586
36.041177
36.664123
37.286014
37.914393
38.539770
39.170386
39.797198
40.428735
41.056139
41.688056
42.322868
42.959539
43.590238
44.217103
44.855839
45.480698
46.118147
46.756509
47.388293
48.015855
48.647873
49.282751
49.912299
50.538426
51.162358
51.784881
52.406501
53.034705
53.667135
54.309443
54.756911
55.761515
56.188825
56.889772
57.520796
58.140000
58.753327
59.366526
59.988296
60.616165
61.040449
61.802628
62.483661
63.136313
63.764628
64.161927
64.939956
65.622295
66.268301
66.899553
67.531773
68.165884
68.794567
69.419987
70.043403
70.483476
71.018555
71.863113
72.563605
73.221052
73.856776
74.483567
75.106587
75.735147
76.360412
76.990863
77.610366
78.230032
78.856976
79.488594
80.116049
80.747998
81.375666
82.007752
82.649839
83.291178
83.932037
84.330931
85.088955
85.775026
86.423537
87.056451
87.682580
88.305635
88.934403
89.559881
90.190500
90.824455
91.467730
92.102662
92.732243
93.358391
93.989501
94.616630
95.248371
95.883070
96.512504
97.138558
97.769608
98.396699
99.028415
99.655934
100.295089
100.927382
101.562436
102.199261
102.830059
103.449824
104.076838
104.715669
105.347754
105.968344
106.603053
107.232493
107.865716
108.494201
109.112482
109.502550
110.209385
110.939774
111.352714
112.154667
112.585108
113.407515
114.099558
114.763118
115.411469
115.811917
116.586275
117.266350
117.925450
118.315477
119.105218
119.778690
120.433475
121.070151
121.698597
122.330275
122.964558
123.593567
124.226450
124.854691
125.487134
126.115115
126.740234
127.363519
127.992792
128.618742
129.249726
129.883940
130.513062
131.153246
131.779034
132.409913
133.044060
133.673139
134.291800
134.918106
135.549318
136.176513
136.808296
137.450187
138.084236
138.713252
139.346203
139.974514
140.607013
141.227868
141.848418
142.468770
143.103327
143.739833
144.377592
145.001823
145.638868
146.079915
146.630328
147.243614
147.881279
148.507844
149.142969
150.268996
151.095320
151.819795
152.501463
152.847995
153.306149
153.829734
154.351091
154.906241
155.504458
156.116358
156.747941
157.393319
158.493060
159.303545
160.018011
160.693230
161.343766
161.662341
162.087195
162.766312
163.382744
163.982005
164.581265
165.192069
165.812043
166.431479
167.050892
167.691921
168.325376
168.686452
169.191841
169.769114
170.358231
171.299257
171.815164
172.410674
173.048125
