0.072793
0.307548
0.696882
1.040148
1.394778
1.773388
2.182091
2.606269
3.056384
3.509480
3.971986
4.433495
4.894423
5.355003
5.822533
6.294527
6.762224
7.234327
7.702095
8.167079
8.630278
9.106661
9.577175
10.043922
10.508252
10.971030
11.252306
11.838672
12.343235
12.828904
13.301337
13.767702
14.245476
14.723773
15.202566
15.674579
16.142269
16.607196
17.077521
17.544145
18.008395
18.478288
18.944636
19.415875
19.883088
20.354882
20.822450
21.287307
21.750424
22.219590
22.685471
23.156411
23.623432
23.902002
24.484597
25.001789
25.487984
25.967955
26.439126
26.905631
27.369536
27.839098
28.312353
28.788006
29.265209
29.736245
30.203326
30.667870
31.130785
31.599821
32.072785
32.548270
33.018207
33.484584
33.948677
34.411303
34.880154
35.352999
35.821242
36.293697
36.754525
37.222221
37.694325
38.169258
38.638841
39.104991
39.576103
40.043234
40.514975
40.982510
41.447346
41.910449
42.379606
42.852647
43.328181
43.798150
44.264548
44.735818
45.203051
45.667693
46.137837
46.604347
47.075689
47.542969
48.007640
48.477803
48.944325
49.415675
49.882960
50.347634
50.824964
51.296086
51.763223
52.234968
52.702506
53.167343
53.637612
54.104203
54.575597
54.855877
55.440854
55.952021
56.434498
56.904915
57.377178
57.657447
58.242107
58.752915
59.235109
59.712530
60.182065
60.654691
61.129686
61.599195
62.065250
62.536283
62.996189
63.463292
63.942179
64.414298
64.882076
65.354232
65.829199
66.291638
66.753203
67.221373
67.693781
68.168909
68.638617
69.104848
69.568846
70.038577
70.511987
70.980592
71.446115
71.916824
72.383697
72.848107
73.318103
73.791682
74.260397
74.733155
75.000874
75.583908
76.093943
76.575722
77.060112
77.534099
78.002407
78.474635
78.942370
79.414453
79.882188
80.347145
80.817487
81.284123
81.755546
82.222877
82.694746
83.162363
83.627252
84.097554
84.381771
84.964456
85.474288
85.768574
86.368457
86.885759
87.371110
87.842988
88.308858
88.771913
89.233583
89.701702
90.181193
90.660845
91.133448
91.608698
92.078483
92.544762
93.008791
93.471376
93.940201
94.413029
94.888426
95.358307
95.824649
96.295883
96.763093
97.227720
97.697854
98.171523
98.640295
99.105924
99.569536
100.031855
100.493343
100.961462
101.426673
101.890017
102.359329
102.839634
103.127762
103.715895
104.228900
104.712511
105.190851
105.660982
106.133994
106.602069
107.074307
107.542113
108.007104
108.477464
108.951275
109.412971
109.881225
110.346521
110.809920
111.279266
111.745264
112.216278
112.690511
112.976265
113.553313
114.067275
114.551476
115.037396
115.512359
115.981291
116.446751
116.917311
117.384041
117.848341
118.318258
118.558680
119.158125
119.685129
120.184643
120.665818
121.137756
121.604753
122.068972
122.538736
123.004956
123.476094
123.943233
124.414977
124.882512
125.347348
125.817615
126.284205
126.748433
127.218312
127.691817
128.167648
128.637808
129.111493
129.580276
130.053077
130.521292
130.986564
131.449947
131.919284
132.385275
132.856285
133.323351
133.787885
134.257960
134.724426
135.188575
135.658403
136.131875
136.600521
137.073234
137.541393
138.013794
138.481752
138.946859
139.410137
139.865075
140.328992
140.805835
141.290975
141.572263
142.150868
142.650910
143.141057
143.623524
144.096286
144.563810
145.035536
145.517280
145.991187
146.460092
146.925800
147.396624
147.856404
148.316262
148.776171
149.236113
149.703240
150.182145
150.661441
151.133825
151.608937
152.078635
152.566355
152.800643
153.399323
153.918470
154.405871
154.879397
155.353641
155.822113
156.287279
156.750483
157.219660
157.503427
158.093255
158.607241
159.091456
159.562970
160.035931
160.510754
160.979991
161.452973
161.921257
162.393720
162.861710
163.326835
163.790122
164.259396
164.725347
165.189167
165.651617
166.113190
166.595695
167.070137
167.546571
168.017117
168.483884
168.948228
169.411015
169.872804
170.341117
170.813617
171.281638
171.753951
172.221853
172.701254
173.173705
173.634530
174.102224
174.574328
175.042095
175.507079
175.970278
176.432331
176.907978
177.378020
177.851629
178.137139
178.721626
179.232506
180.056325
180.742285
181.344772
182.074623
183.209102
184.617610
185.320852
188.393063
189.650330
192.194909
